1.8	2	1	0.00001	5000
1.81	2	1	0.00001	5000
1.82	2	1	0.00001	5000
1.83	2	1	0.00001	5000
1.84	2	1	0.00001	5000
1.85	2	1	0.00001	5000
1.86	2	1	0.00001	5000
1.87	2	1	0.00001	5000
1.88	2	1	0.00001	5000
1.89	2	1	0.00001	5000
1.9	2	1	0.00001	5000
1.91	2	1	0.00001	5000
1.92	2	1	0.00001	5000
1.93	2	1	0.00001	5000
1.94	2	1	0.00001	5000
1.95	2	1	0.00001	5000
1.96	2	1	0.00001	5000
1.97	2	1	0.00001	5000
1.98	2	1	0.00001	5000
1.99	2	1	0.00001	5000
2	2	1	0.00001	5000
2.01	2	1	0.00001	5000
2.02	2	1	0.00001	5000
1.8	4	1	0.00001	5000
1.81	4	1	0.00001	5000
1.82	4	1	0.00001	5000
1.83	4	1	0.00001	5000
1.84	4	1	0.00001	5000
1.85	4	1	0.00001	5000
1.86	4	1	0.00001	5000
1.87	4	1	0.00001	5000
1.88	4	1	0.00001	5000
1.89	4	1	0.00001	5000
1.9	4	1	0.00001	5000
1.91	4	1	0.00001	5000
1.92	4	1	0.00001	5000
1.93	4	1	0.00001	5000
1.94	4	1	0.00001	5000
1.95	4	1	0.00001	5000
1.96	4	1	0.00001	5000
1.97	4	1	0.00001	5000
1.98	4	1	0.00001	5000
1.99	4	1	0.00001	5000
2	4	1	0.00001	5000
2.01	4	1	0.00001	5000
2.02	4	1	0.00001	5000
1.8	6	1	0.00001	5000
1.81	6	1	0.00001	5000
1.82	6	1	0.00001	5000
1.83	6	1	0.00001	5000
1.84	6	1	0.00001	5000
1.85	6	1	0.00001	5000
1.86	6	1	0.00001	5000
1.87	6	1	0.00001	5000
1.88	6	1	0.00001	5000
1.89	6	1	0.00001	5000
1.9	6	1	0.00001	5000
1.91	6	1	0.00001	5000
1.92	6	1	0.00001	5000
1.93	6	1	0.00001	5000
1.94	6	1	0.00001	5000
1.95	6	1	0.00001	5000
1.96	6	1	0.00001	5000
1.97	6	1	0.00001	5000
1.98	6	1	0.00001	5000
1.99	6	1	0.00001	5000
2	6	1	0.00001	5000
2.01	6	1	0.00001	5000
2.02	6	1	0.00001	5000
1.8	8	1	0.00001	5000
1.81	8	1	0.00001	5000
1.82	8	1	0.00001	5000
1.83	8	1	0.00001	5000
1.84	8	1	0.00001	5000
1.85	8	1	0.00001	5000
1.86	8	1	0.00001	5000
1.87	8	1	0.00001	5000
1.88	8	1	0.00001	5000
1.89	8	1	0.00001	5000
1.9	8	1	0.00001	5000
1.91	8	1	0.00001	5000
1.92	8	1	0.00001	5000
1.93	8	1	0.00001	5000
1.94	8	1	0.00001	5000
1.95	8	1	0.00001	5000
1.96	8	1	0.00001	5000
1.97	8	1	0.00001	5000
1.98	8	1	0.00001	5000
1.99	8	1	0.00001	5000
2	8	1	0.00001	5000
2.01	8	1	0.00001	5000
2.02	8	1	0.00001	5000
1.8	10	1	0.00001	5000
1.81	10	1	0.00001	5000
1.82	10	1	0.00001	5000
1.83	10	1	0.00001	5000
1.84	10	1	0.00001	5000
1.85	10	1	0.00001	5000
1.86	10	1	0.00001	5000
1.87	10	1	0.00001	5000
1.88	10	1	0.00001	5000
1.89	10	1	0.00001	5000
1.9	10	1	0.00001	5000
1.91	10	1	0.00001	5000
1.92	10	1	0.00001	5000
1.93	10	1	0.00001	5000
1.94	10	1	0.00001	5000
1.95	10	1	0.00001	5000
1.96	10	1	0.00001	5000
1.97	10	1	0.00001	5000
1.98	10	1	0.00001	5000
1.99	10	1	0.00001	5000
2	10	1	0.00001	5000
2.01	10	1	0.00001	5000
2.02	10	1	0.00001	5000
1.8	12	1	0.00001	5000
1.81	12	1	0.00001	5000
1.82	12	1	0.00001	5000
1.83	12	1	0.00001	5000
1.84	12	1	0.00001	5000
1.85	12	1	0.00001	5000
1.86	12	1	0.00001	5000
1.87	12	1	0.00001	5000
1.88	12	1	0.00001	5000
1.89	12	1	0.00001	5000
1.9	12	1	0.00001	5000
1.91	12	1	0.00001	5000
1.92	12	1	0.00001	5000
1.93	12	1	0.00001	5000
1.94	12	1	0.00001	5000
1.95	12	1	0.00001	5000
1.96	12	1	0.00001	5000
1.97	12	1	0.00001	5000
1.98	12	1	0.00001	5000
1.99	12	1	0.00001	5000
2	12	1	0.00001	5000
2.01	12	1	0.00001	5000
2.02	12	1	0.00001	5000
1.8	14	1	0.00001	5000
1.81	14	1	0.00001	5000
1.82	14	1	0.00001	5000
1.83	14	1	0.00001	5000
1.84	14	1	0.00001	5000
1.85	14	1	0.00001	5000
1.86	14	1	0.00001	5000
1.87	14	1	0.00001	5000
1.88	14	1	0.00001	5000
1.89	14	1	0.00001	5000
1.9	14	1	0.00001	5000
1.91	14	1	0.00001	5000
1.92	14	1	0.00001	5000
1.93	14	1	0.00001	5000
1.94	14	1	0.00001	5000
1.95	14	1	0.00001	5000
1.96	14	1	0.00001	5000
1.97	14	1	0.00001	5000
1.98	14	1	0.00001	5000
1.99	14	1	0.00001	5000
2	14	1	0.00001	5000
2.01	14	1	0.00001	5000
2.02	14	1	0.00001	5000
1.8	16	1	0.00001	5000
1.81	16	1	0.00001	5000
1.82	16	1	0.00001	5000
1.83	16	1	0.00001	5000
1.84	16	1	0.00001	5000
1.85	16	1	0.00001	5000
1.86	16	1	0.00001	5000
1.87	16	1	0.00001	5000
1.88	16	1	0.00001	5000
1.89	16	1	0.00001	5000
1.9	16	1	0.00001	5000
1.91	16	1	0.00001	5000
1.92	16	1	0.00001	5000
1.93	16	1	0.00001	5000
1.94	16	1	0.00001	5000
1.95	16	1	0.00001	5000
1.96	16	1	0.00001	5000
1.97	16	1	0.00001	5000
1.98	16	1	0.00001	5000
1.99	16	1	0.00001	5000
2	16	1	0.00001	5000
2.01	16	1	0.00001	5000
2.02	16	1	0.00001	5000
1.8	18	1	0.00001	5000
1.81	18	1	0.00001	5000
1.82	18	1	0.00001	5000
1.83	18	1	0.00001	5000
1.84	18	1	0.00001	5000
1.85	18	1	0.00001	5000
1.86	18	1	0.00001	5000
1.87	18	1	0.00001	5000
1.88	18	1	0.00001	5000
1.89	18	1	0.00001	5000
1.9	18	1	0.00001	5000
1.91	18	1	0.00001	5000
1.92	18	1	0.00001	5000
1.93	18	1	0.00001	5000
1.94	18	1	0.00001	5000
1.95	18	1	0.00001	5000
1.96	18	1	0.00001	5000
1.97	18	1	0.00001	5000
1.98	18	1	0.00001	5000
1.99	18	1	0.00001	5000
2	18	1	0.00001	5000
2.01	18	1	0.00001	5000
2.02	18	1	0.00001	5000
1.8	20	1	0.00001	5000
1.81	20	1	0.00001	5000
1.82	20	1	0.00001	5000
1.83	20	1	0.00001	5000
1.84	20	1	0.00001	5000
1.85	20	1	0.00001	5000
1.86	20	1	0.00001	5000
1.87	20	1	0.00001	5000
1.88	20	1	0.00001	5000
1.89	20	1	0.00001	5000
1.9	20	1	0.00001	5000
1.91	20	1	0.00001	5000
1.92	20	1	0.00001	5000
1.93	20	1	0.00001	5000
1.94	20	1	0.00001	5000
1.95	20	1	0.00001	5000
1.96	20	1	0.00001	5000
1.97	20	1	0.00001	5000
1.98	20	1	0.00001	5000
1.99	20	1	0.00001	5000
2	20	1	0.00001	5000
2.01	20	1	0.00001	5000
2.02	20	1	0.00001	5000
1.8	22	1	0.00001	5000
1.81	22	1	0.00001	5000
1.82	22	1	0.00001	5000
1.83	22	1	0.00001	5000
1.84	22	1	0.00001	5000
1.85	22	1	0.00001	5000
1.86	22	1	0.00001	5000
1.87	22	1	0.00001	5000
1.88	22	1	0.00001	5000
1.89	22	1	0.00001	5000
1.9	22	1	0.00001	5000
1.91	22	1	0.00001	5000
1.92	22	1	0.00001	5000
1.93	22	1	0.00001	5000
1.94	22	1	0.00001	5000
1.95	22	1	0.00001	5000
1.96	22	1	0.00001	5000
1.97	22	1	0.00001	5000
1.98	22	1	0.00001	5000
1.99	22	1	0.00001	5000
2	22	1	0.00001	5000
2.01	22	1	0.00001	5000
2.02	22	1	0.00001	5000
1.8	24	1	0.00001	5000
1.81	24	1	0.00001	5000
1.82	24	1	0.00001	5000
1.83	24	1	0.00001	5000
1.84	24	1	0.00001	5000
1.85	24	1	0.00001	5000
1.86	24	1	0.00001	5000
1.87	24	1	0.00001	5000
1.88	24	1	0.00001	5000
1.89	24	1	0.00001	5000
1.9	24	1	0.00001	5000
1.91	24	1	0.00001	5000
1.92	24	1	0.00001	5000
1.93	24	1	0.00001	5000
1.94	24	1	0.00001	5000
1.95	24	1	0.00001	5000
1.96	24	1	0.00001	5000
1.97	24	1	0.00001	5000
1.98	24	1	0.00001	5000
1.99	24	1	0.00001	5000
2	24	1	0.00001	5000
2.01	24	1	0.00001	5000
2.02	24	1	0.00001	5000
1.8	26	1	0.00001	5000
1.81	26	1	0.00001	5000
1.82	26	1	0.00001	5000
1.83	26	1	0.00001	5000
1.84	26	1	0.00001	5000
1.85	26	1	0.00001	5000
1.86	26	1	0.00001	5000
1.87	26	1	0.00001	5000
1.88	26	1	0.00001	5000
1.89	26	1	0.00001	5000
1.9	26	1	0.00001	5000
1.91	26	1	0.00001	5000
1.92	26	1	0.00001	5000
1.93	26	1	0.00001	5000
1.94	26	1	0.00001	5000
1.95	26	1	0.00001	5000
1.96	26	1	0.00001	5000
1.97	26	1	0.00001	5000
1.98	26	1	0.00001	5000
1.99	26	1	0.00001	5000
2	26	1	0.00001	5000
2.01	26	1	0.00001	5000
2.02	26	1	0.00001	5000
1.8	28	1	0.00001	5000
1.81	28	1	0.00001	5000
1.82	28	1	0.00001	5000
1.83	28	1	0.00001	5000
1.84	28	1	0.00001	5000
1.85	28	1	0.00001	5000
1.86	28	1	0.00001	5000
1.87	28	1	0.00001	5000
1.88	28	1	0.00001	5000
1.89	28	1	0.00001	5000
1.9	28	1	0.00001	5000
1.91	28	1	0.00001	5000
1.92	28	1	0.00001	5000
1.93	28	1	0.00001	5000
1.94	28	1	0.00001	5000
1.95	28	1	0.00001	5000
1.96	28	1	0.00001	5000
1.97	28	1	0.00001	5000
1.98	28	1	0.00001	5000
1.99	28	1	0.00001	5000
2	28	1	0.00001	5000
2.01	28	1	0.00001	5000
2.02	28	1	0.00001	5000
1.8	30	1	0.00001	5000
1.81	30	1	0.00001	5000
1.82	30	1	0.00001	5000
1.83	30	1	0.00001	5000
1.84	30	1	0.00001	5000
1.85	30	1	0.00001	5000
1.86	30	1	0.00001	5000
1.87	30	1	0.00001	5000
1.88	30	1	0.00001	5000
1.89	30	1	0.00001	5000
1.9	30	1	0.00001	5000
1.91	30	1	0.00001	5000
1.92	30	1	0.00001	5000
1.93	30	1	0.00001	5000
1.94	30	1	0.00001	5000
1.95	30	1	0.00001	5000
1.96	30	1	0.00001	5000
1.97	30	1	0.00001	5000
1.98	30	1	0.00001	5000
1.99	30	1	0.00001	5000
2	30	1	0.00001	5000
2.01	30	1	0.00001	5000
2.02	30	1	0.00001	5000
1.8	32	1	0.00001	5000
1.81	32	1	0.00001	5000
1.82	32	1	0.00001	5000
1.83	32	1	0.00001	5000
1.84	32	1	0.00001	5000
1.85	32	1	0.00001	5000
1.86	32	1	0.00001	5000
1.87	32	1	0.00001	5000
1.88	32	1	0.00001	5000
1.89	32	1	0.00001	5000
1.9	32	1	0.00001	5000
1.91	32	1	0.00001	5000
1.92	32	1	0.00001	5000
1.93	32	1	0.00001	5000
1.94	32	1	0.00001	5000
1.95	32	1	0.00001	5000
1.96	32	1	0.00001	5000
1.97	32	1	0.00001	5000
1.98	32	1	0.00001	5000
1.99	32	1	0.00001	5000
2	32	1	0.00001	5000
2.01	32	1	0.00001	5000
2.02	32	1	0.00001	5000
1.8	34	1	0.00001	5000
1.81	34	1	0.00001	5000
1.82	34	1	0.00001	5000
1.83	34	1	0.00001	5000
1.84	34	1	0.00001	5000
1.85	34	1	0.00001	5000
1.86	34	1	0.00001	5000
1.87	34	1	0.00001	5000
1.88	34	1	0.00001	5000
1.89	34	1	0.00001	5000
1.9	34	1	0.00001	5000
1.91	34	1	0.00001	5000
1.92	34	1	0.00001	5000
1.93	34	1	0.00001	5000
1.94	34	1	0.00001	5000
1.95	34	1	0.00001	5000
1.96	34	1	0.00001	5000
1.97	34	1	0.00001	5000
1.98	34	1	0.00001	5000
1.99	34	1	0.00001	5000
2	34	1	0.00001	5000
2.01	34	1	0.00001	5000
2.02	34	1	0.00001	5000
1.8	36	1	0.00001	5000
1.81	36	1	0.00001	5000
1.82	36	1	0.00001	5000
1.83	36	1	0.00001	5000
1.84	36	1	0.00001	5000
1.85	36	1	0.00001	5000
1.86	36	1	0.00001	5000
1.87	36	1	0.00001	5000
1.88	36	1	0.00001	5000
1.89	36	1	0.00001	5000
1.9	36	1	0.00001	5000
1.91	36	1	0.00001	5000
1.92	36	1	0.00001	5000
1.93	36	1	0.00001	5000
1.94	36	1	0.00001	5000
1.95	36	1	0.00001	5000
1.96	36	1	0.00001	5000
1.97	36	1	0.00001	5000
1.98	36	1	0.00001	5000
1.99	36	1	0.00001	5000
2	36	1	0.00001	5000
2.01	36	1	0.00001	5000
2.02	36	1	0.00001	5000
1.8	38	1	0.00001	5000
1.81	38	1	0.00001	5000
1.82	38	1	0.00001	5000
1.83	38	1	0.00001	5000
1.84	38	1	0.00001	5000
1.85	38	1	0.00001	5000
1.86	38	1	0.00001	5000
1.87	38	1	0.00001	5000
1.88	38	1	0.00001	5000
1.89	38	1	0.00001	5000
1.9	38	1	0.00001	5000
1.91	38	1	0.00001	5000
1.92	38	1	0.00001	5000
1.93	38	1	0.00001	5000
1.94	38	1	0.00001	5000
1.95	38	1	0.00001	5000
1.96	38	1	0.00001	5000
1.97	38	1	0.00001	5000
1.98	38	1	0.00001	5000
1.99	38	1	0.00001	5000
2	38	1	0.00001	5000
2.01	38	1	0.00001	5000
2.02	38	1	0.00001	5000
1.8	40	1	0.00001	5000
1.81	40	1	0.00001	5000
1.82	40	1	0.00001	5000
1.83	40	1	0.00001	5000
1.84	40	1	0.00001	5000
1.85	40	1	0.00001	5000
1.86	40	1	0.00001	5000
1.87	40	1	0.00001	5000
1.88	40	1	0.00001	5000
1.89	40	1	0.00001	5000
1.9	40	1	0.00001	5000
1.91	40	1	0.00001	5000
1.92	40	1	0.00001	5000
1.93	40	1	0.00001	5000
1.94	40	1	0.00001	5000
1.95	40	1	0.00001	5000
1.96	40	1	0.00001	5000
1.97	40	1	0.00001	5000
1.98	40	1	0.00001	5000
1.99	40	1	0.00001	5000
2	40	1	0.00001	5000
2.01	40	1	0.00001	5000
2.02	40	1	0.00001	5000
1.8	42	1	0.00001	5000
1.81	42	1	0.00001	5000
1.82	42	1	0.00001	5000
1.83	42	1	0.00001	5000
1.84	42	1	0.00001	5000
1.85	42	1	0.00001	5000
1.86	42	1	0.00001	5000
1.87	42	1	0.00001	5000
1.88	42	1	0.00001	5000
1.89	42	1	0.00001	5000
1.9	42	1	0.00001	5000
1.91	42	1	0.00001	5000
1.92	42	1	0.00001	5000
1.93	42	1	0.00001	5000
1.94	42	1	0.00001	5000
1.95	42	1	0.00001	5000
1.96	42	1	0.00001	5000
1.97	42	1	0.00001	5000
1.98	42	1	0.00001	5000
1.99	42	1	0.00001	5000
2	42	1	0.00001	5000
2.01	42	1	0.00001	5000
2.02	42	1	0.00001	5000
1.8	44	1	0.00001	5000
1.81	44	1	0.00001	5000
1.82	44	1	0.00001	5000
1.83	44	1	0.00001	5000
1.84	44	1	0.00001	5000
1.85	44	1	0.00001	5000
1.86	44	1	0.00001	5000
1.87	44	1	0.00001	5000
1.88	44	1	0.00001	5000
1.89	44	1	0.00001	5000
1.9	44	1	0.00001	5000
1.91	44	1	0.00001	5000
1.92	44	1	0.00001	5000
1.93	44	1	0.00001	5000
1.94	44	1	0.00001	5000
1.95	44	1	0.00001	5000
1.96	44	1	0.00001	5000
1.97	44	1	0.00001	5000
1.98	44	1	0.00001	5000
1.99	44	1	0.00001	5000
2	44	1	0.00001	5000
2.01	44	1	0.00001	5000
2.02	44	1	0.00001	5000
1.8	46	1	0.00001	5000
1.81	46	1	0.00001	5000
1.82	46	1	0.00001	5000
1.83	46	1	0.00001	5000
1.84	46	1	0.00001	5000
1.85	46	1	0.00001	5000
1.86	46	1	0.00001	5000
1.87	46	1	0.00001	5000
1.88	46	1	0.00001	5000
1.89	46	1	0.00001	5000
1.9	46	1	0.00001	5000
1.91	46	1	0.00001	5000
1.92	46	1	0.00001	5000
1.93	46	1	0.00001	5000
1.94	46	1	0.00001	5000
1.95	46	1	0.00001	5000
1.96	46	1	0.00001	5000
1.97	46	1	0.00001	5000
1.98	46	1	0.00001	5000
1.99	46	1	0.00001	5000
2	46	1	0.00001	5000
2.01	46	1	0.00001	5000
2.02	46	1	0.00001	5000
1.8	48	1	0.00001	5000
1.81	48	1	0.00001	5000
1.82	48	1	0.00001	5000
1.83	48	1	0.00001	5000
1.84	48	1	0.00001	5000
1.85	48	1	0.00001	5000
1.86	48	1	0.00001	5000
1.87	48	1	0.00001	5000
1.88	48	1	0.00001	5000
1.89	48	1	0.00001	5000
1.9	48	1	0.00001	5000
1.91	48	1	0.00001	5000
1.92	48	1	0.00001	5000
1.93	48	1	0.00001	5000
1.94	48	1	0.00001	5000
1.95	48	1	0.00001	5000
1.96	48	1	0.00001	5000
1.97	48	1	0.00001	5000
1.98	48	1	0.00001	5000
1.99	48	1	0.00001	5000
2	48	1	0.00001	5000
2.01	48	1	0.00001	5000
2.02	48	1	0.00001	5000
1.8	50	1	0.00001	5000
1.81	50	1	0.00001	5000
1.82	50	1	0.00001	5000
1.83	50	1	0.00001	5000
1.84	50	1	0.00001	5000
1.85	50	1	0.00001	5000
1.86	50	1	0.00001	5000
1.87	50	1	0.00001	5000
1.88	50	1	0.00001	5000
1.89	50	1	0.00001	5000
1.9	50	1	0.00001	5000
1.91	50	1	0.00001	5000
1.92	50	1	0.00001	5000
1.93	50	1	0.00001	5000
1.94	50	1	0.00001	5000
1.95	50	1	0.00001	5000
1.96	50	1	0.00001	5000
1.97	50	1	0.00001	5000
1.98	50	1	0.00001	5000
1.99	50	1	0.00001	5000
2	50	1	0.00001	5000
2.01	50	1	0.00001	5000
2.02	50	1	0.00001	5000
