7.94	0.05	2	0.001	2500
7.945	0.05	2	0.001	2500
7.95	0.05	2	0.001	2500
7.955	0.05	2	0.001	2500
7.96	0.05	2	0.001	2500
7.965	0.05	2	0.001	2500
7.97	0.05	2	0.001	2500
7.975	0.05	2	0.001	2500
7.98	0.05	2	0.001	2500
7.985	0.05	2	0.001	2500
7.99	0.05	2	0.001	2500
7.995	0.05	2	0.001	2500
8	0.05	2	0.001	2500
8.005	0.05	2	0.001	2500
8.01	0.05	2	0.001	2500
8.015	0.05	2	0.001	2500
8.02	0.05	2	0.001	2500
7.94	0.06	2	0.001	2500
7.945	0.06	2	0.001	2500
7.95	0.06	2	0.001	2500
7.955	0.06	2	0.001	2500
7.96	0.06	2	0.001	2500
7.965	0.06	2	0.001	2500
7.97	0.06	2	0.001	2500
7.975	0.06	2	0.001	2500
7.98	0.06	2	0.001	2500
7.985	0.06	2	0.001	2500
7.99	0.06	2	0.001	2500
7.995	0.06	2	0.001	2500
8	0.06	2	0.001	2500
8.005	0.06	2	0.001	2500
8.01	0.06	2	0.001	2500
8.015	0.06	2	0.001	2500
8.02	0.06	2	0.001	2500
7.94	0.07	2	0.001	2500
7.945	0.07	2	0.001	2500
7.95	0.07	2	0.001	2500
7.955	0.07	2	0.001	2500
7.96	0.07	2	0.001	2500
7.965	0.07	2	0.001	2500
7.97	0.07	2	0.001	2500
7.975	0.07	2	0.001	2500
7.98	0.07	2	0.001	2500
7.985	0.07	2	0.001	2500
7.99	0.07	2	0.001	2500
7.995	0.07	2	0.001	2500
8	0.07	2	0.001	2500
8.005	0.07	2	0.001	2500
8.01	0.07	2	0.001	2500
8.015	0.07	2	0.001	2500
8.02	0.07	2	0.001	2500
7.94	0.08	2	0.001	2500
7.945	0.08	2	0.001	2500
7.95	0.08	2	0.001	2500
7.955	0.08	2	0.001	2500
7.96	0.08	2	0.001	2500
7.965	0.08	2	0.001	2500
7.97	0.08	2	0.001	2500
7.975	0.08	2	0.001	2500
7.98	0.08	2	0.001	2500
7.985	0.08	2	0.001	2500
7.99	0.08	2	0.001	2500
7.995	0.08	2	0.001	2500
8	0.08	2	0.001	2500
8.005	0.08	2	0.001	2500
8.01	0.08	2	0.001	2500
8.015	0.08	2	0.001	2500
8.02	0.08	2	0.001	2500
7.94	0.09	2	0.001	2500
7.945	0.09	2	0.001	2500
7.95	0.09	2	0.001	2500
7.955	0.09	2	0.001	2500
7.96	0.09	2	0.001	2500
7.965	0.09	2	0.001	2500
7.97	0.09	2	0.001	2500
7.975	0.09	2	0.001	2500
7.98	0.09	2	0.001	2500
7.985	0.09	2	0.001	2500
7.99	0.09	2	0.001	2500
7.995	0.09	2	0.001	2500
8	0.09	2	0.001	2500
8.005	0.09	2	0.001	2500
8.01	0.09	2	0.001	2500
8.015	0.09	2	0.001	2500
8.02	0.09	2	0.001	2500
7.94	0.1	2	0.001	2500
7.945	0.1	2	0.001	2500
7.95	0.1	2	0.001	2500
7.955	0.1	2	0.001	2500
7.96	0.1	2	0.001	2500
7.965	0.1	2	0.001	2500
7.97	0.1	2	0.001	2500
7.975	0.1	2	0.001	2500
7.98	0.1	2	0.001	2500
7.985	0.1	2	0.001	2500
7.99	0.1	2	0.001	2500
7.995	0.1	2	0.001	2500
8	0.1	2	0.001	2500
8.005	0.1	2	0.001	2500
8.01	0.1	2	0.001	2500
8.015	0.1	2	0.001	2500
8.02	0.1	2	0.001	2500
7.94	0.11	2	0.001	2500
7.945	0.11	2	0.001	2500
7.95	0.11	2	0.001	2500
7.955	0.11	2	0.001	2500
7.96	0.11	2	0.001	2500
7.965	0.11	2	0.001	2500
7.97	0.11	2	0.001	2500
7.975	0.11	2	0.001	2500
7.98	0.11	2	0.001	2500
7.985	0.11	2	0.001	2500
7.99	0.11	2	0.001	2500
7.995	0.11	2	0.001	2500
8	0.11	2	0.001	2500
8.005	0.11	2	0.001	2500
8.01	0.11	2	0.001	2500
8.015	0.11	2	0.001	2500
8.02	0.11	2	0.001	2500
7.94	0.12	2	0.001	2500
7.945	0.12	2	0.001	2500
7.95	0.12	2	0.001	2500
7.955	0.12	2	0.001	2500
7.96	0.12	2	0.001	2500
7.965	0.12	2	0.001	2500
7.97	0.12	2	0.001	2500
7.975	0.12	2	0.001	2500
7.98	0.12	2	0.001	2500
7.985	0.12	2	0.001	2500
7.99	0.12	2	0.001	2500
7.995	0.12	2	0.001	2500
8	0.12	2	0.001	2500
8.005	0.12	2	0.001	2500
8.01	0.12	2	0.001	2500
8.015	0.12	2	0.001	2500
8.02	0.12	2	0.001	2500
7.94	0.13	2	0.001	2500
7.945	0.13	2	0.001	2500
7.95	0.13	2	0.001	2500
7.955	0.13	2	0.001	2500
7.96	0.13	2	0.001	2500
7.965	0.13	2	0.001	2500
7.97	0.13	2	0.001	2500
7.975	0.13	2	0.001	2500
7.98	0.13	2	0.001	2500
7.985	0.13	2	0.001	2500
7.99	0.13	2	0.001	2500
7.995	0.13	2	0.001	2500
8	0.13	2	0.001	2500
8.005	0.13	2	0.001	2500
8.01	0.13	2	0.001	2500
8.015	0.13	2	0.001	2500
8.02	0.13	2	0.001	2500
7.94	0.14	2	0.001	2500
7.945	0.14	2	0.001	2500
7.95	0.14	2	0.001	2500
7.955	0.14	2	0.001	2500
7.96	0.14	2	0.001	2500
7.965	0.14	2	0.001	2500
7.97	0.14	2	0.001	2500
7.975	0.14	2	0.001	2500
7.98	0.14	2	0.001	2500
7.985	0.14	2	0.001	2500
7.99	0.14	2	0.001	2500
7.995	0.14	2	0.001	2500
8	0.14	2	0.001	2500
8.005	0.14	2	0.001	2500
8.01	0.14	2	0.001	2500
8.015	0.14	2	0.001	2500
8.02	0.14	2	0.001	2500
7.94	0.15	2	0.001	2500
7.945	0.15	2	0.001	2500
7.95	0.15	2	0.001	2500
7.955	0.15	2	0.001	2500
7.96	0.15	2	0.001	2500
7.965	0.15	2	0.001	2500
7.97	0.15	2	0.001	2500
7.975	0.15	2	0.001	2500
7.98	0.15	2	0.001	2500
7.985	0.15	2	0.001	2500
7.99	0.15	2	0.001	2500
7.995	0.15	2	0.001	2500
8	0.15	2	0.001	2500
8.005	0.15	2	0.001	2500
8.01	0.15	2	0.001	2500
8.015	0.15	2	0.001	2500
8.02	0.15	2	0.001	2500
7.94	0.16	2	0.001	2500
7.945	0.16	2	0.001	2500
7.95	0.16	2	0.001	2500
7.955	0.16	2	0.001	2500
7.96	0.16	2	0.001	2500
7.965	0.16	2	0.001	2500
7.97	0.16	2	0.001	2500
7.975	0.16	2	0.001	2500
7.98	0.16	2	0.001	2500
7.985	0.16	2	0.001	2500
7.99	0.16	2	0.001	2500
7.995	0.16	2	0.001	2500
8	0.16	2	0.001	2500
8.005	0.16	2	0.001	2500
8.01	0.16	2	0.001	2500
8.015	0.16	2	0.001	2500
8.02	0.16	2	0.001	2500
7.94	0.17	2	0.001	2500
7.945	0.17	2	0.001	2500
7.95	0.17	2	0.001	2500
7.955	0.17	2	0.001	2500
7.96	0.17	2	0.001	2500
7.965	0.17	2	0.001	2500
7.97	0.17	2	0.001	2500
7.975	0.17	2	0.001	2500
7.98	0.17	2	0.001	2500
7.985	0.17	2	0.001	2500
7.99	0.17	2	0.001	2500
7.995	0.17	2	0.001	2500
8	0.17	2	0.001	2500
8.005	0.17	2	0.001	2500
8.01	0.17	2	0.001	2500
8.015	0.17	2	0.001	2500
8.02	0.17	2	0.001	2500
7.94	0.18	2	0.001	2500
7.945	0.18	2	0.001	2500
7.95	0.18	2	0.001	2500
7.955	0.18	2	0.001	2500
7.96	0.18	2	0.001	2500
7.965	0.18	2	0.001	2500
7.97	0.18	2	0.001	2500
7.975	0.18	2	0.001	2500
7.98	0.18	2	0.001	2500
7.985	0.18	2	0.001	2500
7.99	0.18	2	0.001	2500
7.995	0.18	2	0.001	2500
8	0.18	2	0.001	2500
8.005	0.18	2	0.001	2500
8.01	0.18	2	0.001	2500
8.015	0.18	2	0.001	2500
8.02	0.18	2	0.001	2500
7.94	0.19	2	0.001	2500
7.945	0.19	2	0.001	2500
7.95	0.19	2	0.001	2500
7.955	0.19	2	0.001	2500
7.96	0.19	2	0.001	2500
7.965	0.19	2	0.001	2500
7.97	0.19	2	0.001	2500
7.975	0.19	2	0.001	2500
7.98	0.19	2	0.001	2500
7.985	0.19	2	0.001	2500
7.99	0.19	2	0.001	2500
7.995	0.19	2	0.001	2500
8	0.19	2	0.001	2500
8.005	0.19	2	0.001	2500
8.01	0.19	2	0.001	2500
8.015	0.19	2	0.001	2500
8.02	0.19	2	0.001	2500
7.94	0.2	2	0.001	2500
7.945	0.2	2	0.001	2500
7.95	0.2	2	0.001	2500
7.955	0.2	2	0.001	2500
7.96	0.2	2	0.001	2500
7.965	0.2	2	0.001	2500
7.97	0.2	2	0.001	2500
7.975	0.2	2	0.001	2500
7.98	0.2	2	0.001	2500
7.985	0.2	2	0.001	2500
7.99	0.2	2	0.001	2500
7.995	0.2	2	0.001	2500
8	0.2	2	0.001	2500
8.005	0.2	2	0.001	2500
8.01	0.2	2	0.001	2500
8.015	0.2	2	0.001	2500
8.02	0.2	2	0.001	2500
7.94	0.21	2	0.001	2500
7.945	0.21	2	0.001	2500
7.95	0.21	2	0.001	2500
7.955	0.21	2	0.001	2500
7.96	0.21	2	0.001	2500
7.965	0.21	2	0.001	2500
7.97	0.21	2	0.001	2500
7.975	0.21	2	0.001	2500
7.98	0.21	2	0.001	2500
7.985	0.21	2	0.001	2500
7.99	0.21	2	0.001	2500
7.995	0.21	2	0.001	2500
8	0.21	2	0.001	2500
8.005	0.21	2	0.001	2500
8.01	0.21	2	0.001	2500
8.015	0.21	2	0.001	2500
8.02	0.21	2	0.001	2500
7.94	0.22	2	0.001	2500
7.945	0.22	2	0.001	2500
7.95	0.22	2	0.001	2500
7.955	0.22	2	0.001	2500
7.96	0.22	2	0.001	2500
7.965	0.22	2	0.001	2500
7.97	0.22	2	0.001	2500
7.975	0.22	2	0.001	2500
7.98	0.22	2	0.001	2500
7.985	0.22	2	0.001	2500
7.99	0.22	2	0.001	2500
7.995	0.22	2	0.001	2500
8	0.22	2	0.001	2500
8.005	0.22	2	0.001	2500
8.01	0.22	2	0.001	2500
8.015	0.22	2	0.001	2500
8.02	0.22	2	0.001	2500
7.94	0.23	2	0.001	2500
7.945	0.23	2	0.001	2500
7.95	0.23	2	0.001	2500
7.955	0.23	2	0.001	2500
7.96	0.23	2	0.001	2500
7.965	0.23	2	0.001	2500
7.97	0.23	2	0.001	2500
7.975	0.23	2	0.001	2500
7.98	0.23	2	0.001	2500
7.985	0.23	2	0.001	2500
7.99	0.23	2	0.001	2500
7.995	0.23	2	0.001	2500
8	0.23	2	0.001	2500
8.005	0.23	2	0.001	2500
8.01	0.23	2	0.001	2500
8.015	0.23	2	0.001	2500
8.02	0.23	2	0.001	2500
7.94	0.24	2	0.001	2500
7.945	0.24	2	0.001	2500
7.95	0.24	2	0.001	2500
7.955	0.24	2	0.001	2500
7.96	0.24	2	0.001	2500
7.965	0.24	2	0.001	2500
7.97	0.24	2	0.001	2500
7.975	0.24	2	0.001	2500
7.98	0.24	2	0.001	2500
7.985	0.24	2	0.001	2500
7.99	0.24	2	0.001	2500
7.995	0.24	2	0.001	2500
8	0.24	2	0.001	2500
8.005	0.24	2	0.001	2500
8.01	0.24	2	0.001	2500
8.015	0.24	2	0.001	2500
8.02	0.24	2	0.001	2500
7.94	0.25	2	0.001	2500
7.945	0.25	2	0.001	2500
7.95	0.25	2	0.001	2500
7.955	0.25	2	0.001	2500
7.96	0.25	2	0.001	2500
7.965	0.25	2	0.001	2500
7.97	0.25	2	0.001	2500
7.975	0.25	2	0.001	2500
7.98	0.25	2	0.001	2500
7.985	0.25	2	0.001	2500
7.99	0.25	2	0.001	2500
7.995	0.25	2	0.001	2500
8	0.25	2	0.001	2500
8.005	0.25	2	0.001	2500
8.01	0.25	2	0.001	2500
8.015	0.25	2	0.001	2500
8.02	0.25	2	0.001	2500
