7.98	0.11	1	0.0001	5000
7.9805	0.11	1	0.0001	5000
7.981	0.11	1	0.0001	5000
7.9815	0.11	1	0.0001	5000
7.982	0.11	1	0.0001	5000
7.9825	0.11	1	0.0001	5000
7.983	0.11	1	0.0001	5000
7.9835	0.11	1	0.0001	5000
7.984	0.11	1	0.0001	5000
7.9845	0.11	1	0.0001	5000
7.985	0.11	1	0.0001	5000
7.9855	0.11	1	0.0001	5000
7.986	0.11	1	0.0001	5000
7.9865	0.11	1	0.0001	5000
7.987	0.11	1	0.0001	5000
7.9875	0.11	1	0.0001	5000
7.988	0.11	1	0.0001	5000
7.9885	0.11	1	0.0001	5000
7.989	0.11	1	0.0001	5000
7.9895	0.11	1	0.0001	5000
7.99	0.11	1	0.0001	5000
7.9905	0.11	1	0.0001	5000
7.991	0.11	1	0.0001	5000
7.9915	0.11	1	0.0001	5000
7.992	0.11	1	0.0001	5000
7.98	0.115	1	0.0001	5000
7.9805	0.115	1	0.0001	5000
7.981	0.115	1	0.0001	5000
7.9815	0.115	1	0.0001	5000
7.982	0.115	1	0.0001	5000
7.9825	0.115	1	0.0001	5000
7.983	0.115	1	0.0001	5000
7.9835	0.115	1	0.0001	5000
7.984	0.115	1	0.0001	5000
7.9845	0.115	1	0.0001	5000
7.985	0.115	1	0.0001	5000
7.9855	0.115	1	0.0001	5000
7.986	0.115	1	0.0001	5000
7.9865	0.115	1	0.0001	5000
7.987	0.115	1	0.0001	5000
7.9875	0.115	1	0.0001	5000
7.988	0.115	1	0.0001	5000
7.9885	0.115	1	0.0001	5000
7.989	0.115	1	0.0001	5000
7.9895	0.115	1	0.0001	5000
7.99	0.115	1	0.0001	5000
7.9905	0.115	1	0.0001	5000
7.991	0.115	1	0.0001	5000
7.9915	0.115	1	0.0001	5000
7.992	0.115	1	0.0001	5000
7.98	0.12	1	0.0001	5000
7.9805	0.12	1	0.0001	5000
7.981	0.12	1	0.0001	5000
7.9815	0.12	1	0.0001	5000
7.982	0.12	1	0.0001	5000
7.9825	0.12	1	0.0001	5000
7.983	0.12	1	0.0001	5000
7.9835	0.12	1	0.0001	5000
7.984	0.12	1	0.0001	5000
7.9845	0.12	1	0.0001	5000
7.985	0.12	1	0.0001	5000
7.9855	0.12	1	0.0001	5000
7.986	0.12	1	0.0001	5000
7.9865	0.12	1	0.0001	5000
7.987	0.12	1	0.0001	5000
7.9875	0.12	1	0.0001	5000
7.988	0.12	1	0.0001	5000
7.9885	0.12	1	0.0001	5000
7.989	0.12	1	0.0001	5000
7.9895	0.12	1	0.0001	5000
7.99	0.12	1	0.0001	5000
7.9905	0.12	1	0.0001	5000
7.991	0.12	1	0.0001	5000
7.9915	0.12	1	0.0001	5000
7.992	0.12	1	0.0001	5000
7.98	0.125	1	0.0001	5000
7.9805	0.125	1	0.0001	5000
7.981	0.125	1	0.0001	5000
7.9815	0.125	1	0.0001	5000
7.982	0.125	1	0.0001	5000
7.9825	0.125	1	0.0001	5000
7.983	0.125	1	0.0001	5000
7.9835	0.125	1	0.0001	5000
7.984	0.125	1	0.0001	5000
7.9845	0.125	1	0.0001	5000
7.985	0.125	1	0.0001	5000
7.9855	0.125	1	0.0001	5000
7.986	0.125	1	0.0001	5000
7.9865	0.125	1	0.0001	5000
7.987	0.125	1	0.0001	5000
7.9875	0.125	1	0.0001	5000
7.988	0.125	1	0.0001	5000
7.9885	0.125	1	0.0001	5000
7.989	0.125	1	0.0001	5000
7.9895	0.125	1	0.0001	5000
7.99	0.125	1	0.0001	5000
7.9905	0.125	1	0.0001	5000
7.991	0.125	1	0.0001	5000
7.9915	0.125	1	0.0001	5000
7.992	0.125	1	0.0001	5000
7.98	0.13	1	0.0001	5000
7.9805	0.13	1	0.0001	5000
7.981	0.13	1	0.0001	5000
7.9815	0.13	1	0.0001	5000
7.982	0.13	1	0.0001	5000
7.9825	0.13	1	0.0001	5000
7.983	0.13	1	0.0001	5000
7.9835	0.13	1	0.0001	5000
7.984	0.13	1	0.0001	5000
7.9845	0.13	1	0.0001	5000
7.985	0.13	1	0.0001	5000
7.9855	0.13	1	0.0001	5000
7.986	0.13	1	0.0001	5000
7.9865	0.13	1	0.0001	5000
7.987	0.13	1	0.0001	5000
7.9875	0.13	1	0.0001	5000
7.988	0.13	1	0.0001	5000
7.9885	0.13	1	0.0001	5000
7.989	0.13	1	0.0001	5000
7.9895	0.13	1	0.0001	5000
7.99	0.13	1	0.0001	5000
7.9905	0.13	1	0.0001	5000
7.991	0.13	1	0.0001	5000
7.9915	0.13	1	0.0001	5000
7.992	0.13	1	0.0001	5000
7.98	0.135	1	0.0001	5000
7.9805	0.135	1	0.0001	5000
7.981	0.135	1	0.0001	5000
7.9815	0.135	1	0.0001	5000
7.982	0.135	1	0.0001	5000
7.9825	0.135	1	0.0001	5000
7.983	0.135	1	0.0001	5000
7.9835	0.135	1	0.0001	5000
7.984	0.135	1	0.0001	5000
7.9845	0.135	1	0.0001	5000
7.985	0.135	1	0.0001	5000
7.9855	0.135	1	0.0001	5000
7.986	0.135	1	0.0001	5000
7.9865	0.135	1	0.0001	5000
7.987	0.135	1	0.0001	5000
7.9875	0.135	1	0.0001	5000
7.988	0.135	1	0.0001	5000
7.9885	0.135	1	0.0001	5000
7.989	0.135	1	0.0001	5000
7.9895	0.135	1	0.0001	5000
7.99	0.135	1	0.0001	5000
7.9905	0.135	1	0.0001	5000
7.991	0.135	1	0.0001	5000
7.9915	0.135	1	0.0001	5000
7.992	0.135	1	0.0001	5000
7.98	0.14	1	0.0001	5000
7.9805	0.14	1	0.0001	5000
7.981	0.14	1	0.0001	5000
7.9815	0.14	1	0.0001	5000
7.982	0.14	1	0.0001	5000
7.9825	0.14	1	0.0001	5000
7.983	0.14	1	0.0001	5000
7.9835	0.14	1	0.0001	5000
7.984	0.14	1	0.0001	5000
7.9845	0.14	1	0.0001	5000
7.985	0.14	1	0.0001	5000
7.9855	0.14	1	0.0001	5000
7.986	0.14	1	0.0001	5000
7.9865	0.14	1	0.0001	5000
7.987	0.14	1	0.0001	5000
7.9875	0.14	1	0.0001	5000
7.988	0.14	1	0.0001	5000
7.9885	0.14	1	0.0001	5000
7.989	0.14	1	0.0001	5000
7.9895	0.14	1	0.0001	5000
7.99	0.14	1	0.0001	5000
7.9905	0.14	1	0.0001	5000
7.991	0.14	1	0.0001	5000
7.9915	0.14	1	0.0001	5000
7.992	0.14	1	0.0001	5000
7.98	0.145	1	0.0001	5000
7.9805	0.145	1	0.0001	5000
7.981	0.145	1	0.0001	5000
7.9815	0.145	1	0.0001	5000
7.982	0.145	1	0.0001	5000
7.9825	0.145	1	0.0001	5000
7.983	0.145	1	0.0001	5000
7.9835	0.145	1	0.0001	5000
7.984	0.145	1	0.0001	5000
7.9845	0.145	1	0.0001	5000
7.985	0.145	1	0.0001	5000
7.9855	0.145	1	0.0001	5000
7.986	0.145	1	0.0001	5000
7.9865	0.145	1	0.0001	5000
7.987	0.145	1	0.0001	5000
7.9875	0.145	1	0.0001	5000
7.988	0.145	1	0.0001	5000
7.9885	0.145	1	0.0001	5000
7.989	0.145	1	0.0001	5000
7.9895	0.145	1	0.0001	5000
7.99	0.145	1	0.0001	5000
7.9905	0.145	1	0.0001	5000
7.991	0.145	1	0.0001	5000
7.9915	0.145	1	0.0001	5000
7.992	0.145	1	0.0001	5000
7.98	0.15	1	0.0001	5000
7.9805	0.15	1	0.0001	5000
7.981	0.15	1	0.0001	5000
7.9815	0.15	1	0.0001	5000
7.982	0.15	1	0.0001	5000
7.9825	0.15	1	0.0001	5000
7.983	0.15	1	0.0001	5000
7.9835	0.15	1	0.0001	5000
7.984	0.15	1	0.0001	5000
7.9845	0.15	1	0.0001	5000
7.985	0.15	1	0.0001	5000
7.9855	0.15	1	0.0001	5000
7.986	0.15	1	0.0001	5000
7.9865	0.15	1	0.0001	5000
7.987	0.15	1	0.0001	5000
7.9875	0.15	1	0.0001	5000
7.988	0.15	1	0.0001	5000
7.9885	0.15	1	0.0001	5000
7.989	0.15	1	0.0001	5000
7.9895	0.15	1	0.0001	5000
7.99	0.15	1	0.0001	5000
7.9905	0.15	1	0.0001	5000
7.991	0.15	1	0.0001	5000
7.9915	0.15	1	0.0001	5000
7.992	0.15	1	0.0001	5000
7.98	0.155	1	0.0001	5000
7.9805	0.155	1	0.0001	5000
7.981	0.155	1	0.0001	5000
7.9815	0.155	1	0.0001	5000
7.982	0.155	1	0.0001	5000
7.9825	0.155	1	0.0001	5000
7.983	0.155	1	0.0001	5000
7.9835	0.155	1	0.0001	5000
7.984	0.155	1	0.0001	5000
7.9845	0.155	1	0.0001	5000
7.985	0.155	1	0.0001	5000
7.9855	0.155	1	0.0001	5000
7.986	0.155	1	0.0001	5000
7.9865	0.155	1	0.0001	5000
7.987	0.155	1	0.0001	5000
7.9875	0.155	1	0.0001	5000
7.988	0.155	1	0.0001	5000
7.9885	0.155	1	0.0001	5000
7.989	0.155	1	0.0001	5000
7.9895	0.155	1	0.0001	5000
7.99	0.155	1	0.0001	5000
7.9905	0.155	1	0.0001	5000
7.991	0.155	1	0.0001	5000
7.9915	0.155	1	0.0001	5000
7.992	0.155	1	0.0001	5000
7.98	0.16	1	0.0001	5000
7.9805	0.16	1	0.0001	5000
7.981	0.16	1	0.0001	5000
7.9815	0.16	1	0.0001	5000
7.982	0.16	1	0.0001	5000
7.9825	0.16	1	0.0001	5000
7.983	0.16	1	0.0001	5000
7.9835	0.16	1	0.0001	5000
7.984	0.16	1	0.0001	5000
7.9845	0.16	1	0.0001	5000
7.985	0.16	1	0.0001	5000
7.9855	0.16	1	0.0001	5000
7.986	0.16	1	0.0001	5000
7.9865	0.16	1	0.0001	5000
7.987	0.16	1	0.0001	5000
7.9875	0.16	1	0.0001	5000
7.988	0.16	1	0.0001	5000
7.9885	0.16	1	0.0001	5000
7.989	0.16	1	0.0001	5000
7.9895	0.16	1	0.0001	5000
7.99	0.16	1	0.0001	5000
7.9905	0.16	1	0.0001	5000
7.991	0.16	1	0.0001	5000
7.9915	0.16	1	0.0001	5000
7.992	0.16	1	0.0001	5000
7.98	0.165	1	0.0001	5000
7.9805	0.165	1	0.0001	5000
7.981	0.165	1	0.0001	5000
7.9815	0.165	1	0.0001	5000
7.982	0.165	1	0.0001	5000
7.9825	0.165	1	0.0001	5000
7.983	0.165	1	0.0001	5000
7.9835	0.165	1	0.0001	5000
7.984	0.165	1	0.0001	5000
7.9845	0.165	1	0.0001	5000
7.985	0.165	1	0.0001	5000
7.9855	0.165	1	0.0001	5000
7.986	0.165	1	0.0001	5000
7.9865	0.165	1	0.0001	5000
7.987	0.165	1	0.0001	5000
7.9875	0.165	1	0.0001	5000
7.988	0.165	1	0.0001	5000
7.9885	0.165	1	0.0001	5000
7.989	0.165	1	0.0001	5000
7.9895	0.165	1	0.0001	5000
7.99	0.165	1	0.0001	5000
7.9905	0.165	1	0.0001	5000
7.991	0.165	1	0.0001	5000
7.9915	0.165	1	0.0001	5000
7.992	0.165	1	0.0001	5000
7.98	0.17	1	0.0001	5000
7.9805	0.17	1	0.0001	5000
7.981	0.17	1	0.0001	5000
7.9815	0.17	1	0.0001	5000
7.982	0.17	1	0.0001	5000
7.9825	0.17	1	0.0001	5000
7.983	0.17	1	0.0001	5000
7.9835	0.17	1	0.0001	5000
7.984	0.17	1	0.0001	5000
7.9845	0.17	1	0.0001	5000
7.985	0.17	1	0.0001	5000
7.9855	0.17	1	0.0001	5000
7.986	0.17	1	0.0001	5000
7.9865	0.17	1	0.0001	5000
7.987	0.17	1	0.0001	5000
7.9875	0.17	1	0.0001	5000
7.988	0.17	1	0.0001	5000
7.9885	0.17	1	0.0001	5000
7.989	0.17	1	0.0001	5000
7.9895	0.17	1	0.0001	5000
7.99	0.17	1	0.0001	5000
7.9905	0.17	1	0.0001	5000
7.991	0.17	1	0.0001	5000
7.9915	0.17	1	0.0001	5000
7.992	0.17	1	0.0001	5000
7.98	0.175	1	0.0001	5000
7.9805	0.175	1	0.0001	5000
7.981	0.175	1	0.0001	5000
7.9815	0.175	1	0.0001	5000
7.982	0.175	1	0.0001	5000
7.9825	0.175	1	0.0001	5000
7.983	0.175	1	0.0001	5000
7.9835	0.175	1	0.0001	5000
7.984	0.175	1	0.0001	5000
7.9845	0.175	1	0.0001	5000
7.985	0.175	1	0.0001	5000
7.9855	0.175	1	0.0001	5000
7.986	0.175	1	0.0001	5000
7.9865	0.175	1	0.0001	5000
7.987	0.175	1	0.0001	5000
7.9875	0.175	1	0.0001	5000
7.988	0.175	1	0.0001	5000
7.9885	0.175	1	0.0001	5000
7.989	0.175	1	0.0001	5000
7.9895	0.175	1	0.0001	5000
7.99	0.175	1	0.0001	5000
7.9905	0.175	1	0.0001	5000
7.991	0.175	1	0.0001	5000
7.9915	0.175	1	0.0001	5000
7.992	0.175	1	0.0001	5000
7.98	0.18	1	0.0001	5000
7.9805	0.18	1	0.0001	5000
7.981	0.18	1	0.0001	5000
7.9815	0.18	1	0.0001	5000
7.982	0.18	1	0.0001	5000
7.9825	0.18	1	0.0001	5000
7.983	0.18	1	0.0001	5000
7.9835	0.18	1	0.0001	5000
7.984	0.18	1	0.0001	5000
7.9845	0.18	1	0.0001	5000
7.985	0.18	1	0.0001	5000
7.9855	0.18	1	0.0001	5000
7.986	0.18	1	0.0001	5000
7.9865	0.18	1	0.0001	5000
7.987	0.18	1	0.0001	5000
7.9875	0.18	1	0.0001	5000
7.988	0.18	1	0.0001	5000
7.9885	0.18	1	0.0001	5000
7.989	0.18	1	0.0001	5000
7.9895	0.18	1	0.0001	5000
7.99	0.18	1	0.0001	5000
7.9905	0.18	1	0.0001	5000
7.991	0.18	1	0.0001	5000
7.9915	0.18	1	0.0001	5000
7.992	0.18	1	0.0001	5000
7.98	0.185	1	0.0001	5000
7.9805	0.185	1	0.0001	5000
7.981	0.185	1	0.0001	5000
7.9815	0.185	1	0.0001	5000
7.982	0.185	1	0.0001	5000
7.9825	0.185	1	0.0001	5000
7.983	0.185	1	0.0001	5000
7.9835	0.185	1	0.0001	5000
7.984	0.185	1	0.0001	5000
7.9845	0.185	1	0.0001	5000
7.985	0.185	1	0.0001	5000
7.9855	0.185	1	0.0001	5000
7.986	0.185	1	0.0001	5000
7.9865	0.185	1	0.0001	5000
7.987	0.185	1	0.0001	5000
7.9875	0.185	1	0.0001	5000
7.988	0.185	1	0.0001	5000
7.9885	0.185	1	0.0001	5000
7.989	0.185	1	0.0001	5000
7.9895	0.185	1	0.0001	5000
7.99	0.185	1	0.0001	5000
7.9905	0.185	1	0.0001	5000
7.991	0.185	1	0.0001	5000
7.9915	0.185	1	0.0001	5000
7.992	0.185	1	0.0001	5000
7.98	0.19	1	0.0001	5000
7.9805	0.19	1	0.0001	5000
7.981	0.19	1	0.0001	5000
7.9815	0.19	1	0.0001	5000
7.982	0.19	1	0.0001	5000
7.9825	0.19	1	0.0001	5000
7.983	0.19	1	0.0001	5000
7.9835	0.19	1	0.0001	5000
7.984	0.19	1	0.0001	5000
7.9845	0.19	1	0.0001	5000
7.985	0.19	1	0.0001	5000
7.9855	0.19	1	0.0001	5000
7.986	0.19	1	0.0001	5000
7.9865	0.19	1	0.0001	5000
7.987	0.19	1	0.0001	5000
7.9875	0.19	1	0.0001	5000
7.988	0.19	1	0.0001	5000
7.9885	0.19	1	0.0001	5000
7.989	0.19	1	0.0001	5000
7.9895	0.19	1	0.0001	5000
7.99	0.19	1	0.0001	5000
7.9905	0.19	1	0.0001	5000
7.991	0.19	1	0.0001	5000
7.9915	0.19	1	0.0001	5000
7.992	0.19	1	0.0001	5000
7.98	0.195	1	0.0001	5000
7.9805	0.195	1	0.0001	5000
7.981	0.195	1	0.0001	5000
7.9815	0.195	1	0.0001	5000
7.982	0.195	1	0.0001	5000
7.9825	0.195	1	0.0001	5000
7.983	0.195	1	0.0001	5000
7.9835	0.195	1	0.0001	5000
7.984	0.195	1	0.0001	5000
7.9845	0.195	1	0.0001	5000
7.985	0.195	1	0.0001	5000
7.9855	0.195	1	0.0001	5000
7.986	0.195	1	0.0001	5000
7.9865	0.195	1	0.0001	5000
7.987	0.195	1	0.0001	5000
7.9875	0.195	1	0.0001	5000
7.988	0.195	1	0.0001	5000
7.9885	0.195	1	0.0001	5000
7.989	0.195	1	0.0001	5000
7.9895	0.195	1	0.0001	5000
7.99	0.195	1	0.0001	5000
7.9905	0.195	1	0.0001	5000
7.991	0.195	1	0.0001	5000
7.9915	0.195	1	0.0001	5000
7.992	0.195	1	0.0001	5000
7.98	0.2	1	0.0001	5000
7.9805	0.2	1	0.0001	5000
7.981	0.2	1	0.0001	5000
7.9815	0.2	1	0.0001	5000
7.982	0.2	1	0.0001	5000
7.9825	0.2	1	0.0001	5000
7.983	0.2	1	0.0001	5000
7.9835	0.2	1	0.0001	5000
7.984	0.2	1	0.0001	5000
7.9845	0.2	1	0.0001	5000
7.985	0.2	1	0.0001	5000
7.9855	0.2	1	0.0001	5000
7.986	0.2	1	0.0001	5000
7.9865	0.2	1	0.0001	5000
7.987	0.2	1	0.0001	5000
7.9875	0.2	1	0.0001	5000
7.988	0.2	1	0.0001	5000
7.9885	0.2	1	0.0001	5000
7.989	0.2	1	0.0001	5000
7.9895	0.2	1	0.0001	5000
7.99	0.2	1	0.0001	5000
7.9905	0.2	1	0.0001	5000
7.991	0.2	1	0.0001	5000
7.9915	0.2	1	0.0001	5000
7.992	0.2	1	0.0001	5000
