7.98	0.21	1	0.0001	5000
7.9805	0.21	1	0.0001	5000
7.981	0.21	1	0.0001	5000
7.9815	0.21	1	0.0001	5000
7.982	0.21	1	0.0001	5000
7.9825	0.21	1	0.0001	5000
7.983	0.21	1	0.0001	5000
7.9835	0.21	1	0.0001	5000
7.984	0.21	1	0.0001	5000
7.9845	0.21	1	0.0001	5000
7.985	0.21	1	0.0001	5000
7.9855	0.21	1	0.0001	5000
7.986	0.21	1	0.0001	5000
7.9865	0.21	1	0.0001	5000
7.987	0.21	1	0.0001	5000
7.9875	0.21	1	0.0001	5000
7.988	0.21	1	0.0001	5000
7.9885	0.21	1	0.0001	5000
7.989	0.21	1	0.0001	5000
7.9895	0.21	1	0.0001	5000
7.99	0.21	1	0.0001	5000
7.9905	0.21	1	0.0001	5000
7.991	0.21	1	0.0001	5000
7.9915	0.21	1	0.0001	5000
7.992	0.21	1	0.0001	5000
7.98	0.215	1	0.0001	5000
7.9805	0.215	1	0.0001	5000
7.981	0.215	1	0.0001	5000
7.9815	0.215	1	0.0001	5000
7.982	0.215	1	0.0001	5000
7.9825	0.215	1	0.0001	5000
7.983	0.215	1	0.0001	5000
7.9835	0.215	1	0.0001	5000
7.984	0.215	1	0.0001	5000
7.9845	0.215	1	0.0001	5000
7.985	0.215	1	0.0001	5000
7.9855	0.215	1	0.0001	5000
7.986	0.215	1	0.0001	5000
7.9865	0.215	1	0.0001	5000
7.987	0.215	1	0.0001	5000
7.9875	0.215	1	0.0001	5000
7.988	0.215	1	0.0001	5000
7.9885	0.215	1	0.0001	5000
7.989	0.215	1	0.0001	5000
7.9895	0.215	1	0.0001	5000
7.99	0.215	1	0.0001	5000
7.9905	0.215	1	0.0001	5000
7.991	0.215	1	0.0001	5000
7.9915	0.215	1	0.0001	5000
7.992	0.215	1	0.0001	5000
7.98	0.22	1	0.0001	5000
7.9805	0.22	1	0.0001	5000
7.981	0.22	1	0.0001	5000
7.9815	0.22	1	0.0001	5000
7.982	0.22	1	0.0001	5000
7.9825	0.22	1	0.0001	5000
7.983	0.22	1	0.0001	5000
7.9835	0.22	1	0.0001	5000
7.984	0.22	1	0.0001	5000
7.9845	0.22	1	0.0001	5000
7.985	0.22	1	0.0001	5000
7.9855	0.22	1	0.0001	5000
7.986	0.22	1	0.0001	5000
7.9865	0.22	1	0.0001	5000
7.987	0.22	1	0.0001	5000
7.9875	0.22	1	0.0001	5000
7.988	0.22	1	0.0001	5000
7.9885	0.22	1	0.0001	5000
7.989	0.22	1	0.0001	5000
7.9895	0.22	1	0.0001	5000
7.99	0.22	1	0.0001	5000
7.9905	0.22	1	0.0001	5000
7.991	0.22	1	0.0001	5000
7.9915	0.22	1	0.0001	5000
7.992	0.22	1	0.0001	5000
7.98	0.225	1	0.0001	5000
7.9805	0.225	1	0.0001	5000
7.981	0.225	1	0.0001	5000
7.9815	0.225	1	0.0001	5000
7.982	0.225	1	0.0001	5000
7.9825	0.225	1	0.0001	5000
7.983	0.225	1	0.0001	5000
7.9835	0.225	1	0.0001	5000
7.984	0.225	1	0.0001	5000
7.9845	0.225	1	0.0001	5000
7.985	0.225	1	0.0001	5000
7.9855	0.225	1	0.0001	5000
7.986	0.225	1	0.0001	5000
7.9865	0.225	1	0.0001	5000
7.987	0.225	1	0.0001	5000
7.9875	0.225	1	0.0001	5000
7.988	0.225	1	0.0001	5000
7.9885	0.225	1	0.0001	5000
7.989	0.225	1	0.0001	5000
7.9895	0.225	1	0.0001	5000
7.99	0.225	1	0.0001	5000
7.9905	0.225	1	0.0001	5000
7.991	0.225	1	0.0001	5000
7.9915	0.225	1	0.0001	5000
7.992	0.225	1	0.0001	5000
7.98	0.23	1	0.0001	5000
7.9805	0.23	1	0.0001	5000
7.981	0.23	1	0.0001	5000
7.9815	0.23	1	0.0001	5000
7.982	0.23	1	0.0001	5000
7.9825	0.23	1	0.0001	5000
7.983	0.23	1	0.0001	5000
7.9835	0.23	1	0.0001	5000
7.984	0.23	1	0.0001	5000
7.9845	0.23	1	0.0001	5000
7.985	0.23	1	0.0001	5000
7.9855	0.23	1	0.0001	5000
7.986	0.23	1	0.0001	5000
7.9865	0.23	1	0.0001	5000
7.987	0.23	1	0.0001	5000
7.9875	0.23	1	0.0001	5000
7.988	0.23	1	0.0001	5000
7.9885	0.23	1	0.0001	5000
7.989	0.23	1	0.0001	5000
7.9895	0.23	1	0.0001	5000
7.99	0.23	1	0.0001	5000
7.9905	0.23	1	0.0001	5000
7.991	0.23	1	0.0001	5000
7.9915	0.23	1	0.0001	5000
7.992	0.23	1	0.0001	5000
7.98	0.235	1	0.0001	5000
7.9805	0.235	1	0.0001	5000
7.981	0.235	1	0.0001	5000
7.9815	0.235	1	0.0001	5000
7.982	0.235	1	0.0001	5000
7.9825	0.235	1	0.0001	5000
7.983	0.235	1	0.0001	5000
7.9835	0.235	1	0.0001	5000
7.984	0.235	1	0.0001	5000
7.9845	0.235	1	0.0001	5000
7.985	0.235	1	0.0001	5000
7.9855	0.235	1	0.0001	5000
7.986	0.235	1	0.0001	5000
7.9865	0.235	1	0.0001	5000
7.987	0.235	1	0.0001	5000
7.9875	0.235	1	0.0001	5000
7.988	0.235	1	0.0001	5000
7.9885	0.235	1	0.0001	5000
7.989	0.235	1	0.0001	5000
7.9895	0.235	1	0.0001	5000
7.99	0.235	1	0.0001	5000
7.9905	0.235	1	0.0001	5000
7.991	0.235	1	0.0001	5000
7.9915	0.235	1	0.0001	5000
7.992	0.235	1	0.0001	5000
7.98	0.24	1	0.0001	5000
7.9805	0.24	1	0.0001	5000
7.981	0.24	1	0.0001	5000
7.9815	0.24	1	0.0001	5000
7.982	0.24	1	0.0001	5000
7.9825	0.24	1	0.0001	5000
7.983	0.24	1	0.0001	5000
7.9835	0.24	1	0.0001	5000
7.984	0.24	1	0.0001	5000
7.9845	0.24	1	0.0001	5000
7.985	0.24	1	0.0001	5000
7.9855	0.24	1	0.0001	5000
7.986	0.24	1	0.0001	5000
7.9865	0.24	1	0.0001	5000
7.987	0.24	1	0.0001	5000
7.9875	0.24	1	0.0001	5000
7.988	0.24	1	0.0001	5000
7.9885	0.24	1	0.0001	5000
7.989	0.24	1	0.0001	5000
7.9895	0.24	1	0.0001	5000
7.99	0.24	1	0.0001	5000
7.9905	0.24	1	0.0001	5000
7.991	0.24	1	0.0001	5000
7.9915	0.24	1	0.0001	5000
7.992	0.24	1	0.0001	5000
7.98	0.245	1	0.0001	5000
7.9805	0.245	1	0.0001	5000
7.981	0.245	1	0.0001	5000
7.9815	0.245	1	0.0001	5000
7.982	0.245	1	0.0001	5000
7.9825	0.245	1	0.0001	5000
7.983	0.245	1	0.0001	5000
7.9835	0.245	1	0.0001	5000
7.984	0.245	1	0.0001	5000
7.9845	0.245	1	0.0001	5000
7.985	0.245	1	0.0001	5000
7.9855	0.245	1	0.0001	5000
7.986	0.245	1	0.0001	5000
7.9865	0.245	1	0.0001	5000
7.987	0.245	1	0.0001	5000
7.9875	0.245	1	0.0001	5000
7.988	0.245	1	0.0001	5000
7.9885	0.245	1	0.0001	5000
7.989	0.245	1	0.0001	5000
7.9895	0.245	1	0.0001	5000
7.99	0.245	1	0.0001	5000
7.9905	0.245	1	0.0001	5000
7.991	0.245	1	0.0001	5000
7.9915	0.245	1	0.0001	5000
7.992	0.245	1	0.0001	5000
7.98	0.25	1	0.0001	5000
7.9805	0.25	1	0.0001	5000
7.981	0.25	1	0.0001	5000
7.9815	0.25	1	0.0001	5000
7.982	0.25	1	0.0001	5000
7.9825	0.25	1	0.0001	5000
7.983	0.25	1	0.0001	5000
7.9835	0.25	1	0.0001	5000
7.984	0.25	1	0.0001	5000
7.9845	0.25	1	0.0001	5000
7.985	0.25	1	0.0001	5000
7.9855	0.25	1	0.0001	5000
7.986	0.25	1	0.0001	5000
7.9865	0.25	1	0.0001	5000
7.987	0.25	1	0.0001	5000
7.9875	0.25	1	0.0001	5000
7.988	0.25	1	0.0001	5000
7.9885	0.25	1	0.0001	5000
7.989	0.25	1	0.0001	5000
7.9895	0.25	1	0.0001	5000
7.99	0.25	1	0.0001	5000
7.9905	0.25	1	0.0001	5000
7.991	0.25	1	0.0001	5000
7.9915	0.25	1	0.0001	5000
7.992	0.25	1	0.0001	5000
7.98	0.255	1	0.0001	5000
7.9805	0.255	1	0.0001	5000
7.981	0.255	1	0.0001	5000
7.9815	0.255	1	0.0001	5000
7.982	0.255	1	0.0001	5000
7.9825	0.255	1	0.0001	5000
7.983	0.255	1	0.0001	5000
7.9835	0.255	1	0.0001	5000
7.984	0.255	1	0.0001	5000
7.9845	0.255	1	0.0001	5000
7.985	0.255	1	0.0001	5000
7.9855	0.255	1	0.0001	5000
7.986	0.255	1	0.0001	5000
7.9865	0.255	1	0.0001	5000
7.987	0.255	1	0.0001	5000
7.9875	0.255	1	0.0001	5000
7.988	0.255	1	0.0001	5000
7.9885	0.255	1	0.0001	5000
7.989	0.255	1	0.0001	5000
7.9895	0.255	1	0.0001	5000
7.99	0.255	1	0.0001	5000
7.9905	0.255	1	0.0001	5000
7.991	0.255	1	0.0001	5000
7.9915	0.255	1	0.0001	5000
7.992	0.255	1	0.0001	5000
7.98	0.26	1	0.0001	5000
7.9805	0.26	1	0.0001	5000
7.981	0.26	1	0.0001	5000
7.9815	0.26	1	0.0001	5000
7.982	0.26	1	0.0001	5000
7.9825	0.26	1	0.0001	5000
7.983	0.26	1	0.0001	5000
7.9835	0.26	1	0.0001	5000
7.984	0.26	1	0.0001	5000
7.9845	0.26	1	0.0001	5000
7.985	0.26	1	0.0001	5000
7.9855	0.26	1	0.0001	5000
7.986	0.26	1	0.0001	5000
7.9865	0.26	1	0.0001	5000
7.987	0.26	1	0.0001	5000
7.9875	0.26	1	0.0001	5000
7.988	0.26	1	0.0001	5000
7.9885	0.26	1	0.0001	5000
7.989	0.26	1	0.0001	5000
7.9895	0.26	1	0.0001	5000
7.99	0.26	1	0.0001	5000
7.9905	0.26	1	0.0001	5000
7.991	0.26	1	0.0001	5000
7.9915	0.26	1	0.0001	5000
7.992	0.26	1	0.0001	5000
7.98	0.265	1	0.0001	5000
7.9805	0.265	1	0.0001	5000
7.981	0.265	1	0.0001	5000
7.9815	0.265	1	0.0001	5000
7.982	0.265	1	0.0001	5000
7.9825	0.265	1	0.0001	5000
7.983	0.265	1	0.0001	5000
7.9835	0.265	1	0.0001	5000
7.984	0.265	1	0.0001	5000
7.9845	0.265	1	0.0001	5000
7.985	0.265	1	0.0001	5000
7.9855	0.265	1	0.0001	5000
7.986	0.265	1	0.0001	5000
7.9865	0.265	1	0.0001	5000
7.987	0.265	1	0.0001	5000
7.9875	0.265	1	0.0001	5000
7.988	0.265	1	0.0001	5000
7.9885	0.265	1	0.0001	5000
7.989	0.265	1	0.0001	5000
7.9895	0.265	1	0.0001	5000
7.99	0.265	1	0.0001	5000
7.9905	0.265	1	0.0001	5000
7.991	0.265	1	0.0001	5000
7.9915	0.265	1	0.0001	5000
7.992	0.265	1	0.0001	5000
7.98	0.27	1	0.0001	5000
7.9805	0.27	1	0.0001	5000
7.981	0.27	1	0.0001	5000
7.9815	0.27	1	0.0001	5000
7.982	0.27	1	0.0001	5000
7.9825	0.27	1	0.0001	5000
7.983	0.27	1	0.0001	5000
7.9835	0.27	1	0.0001	5000
7.984	0.27	1	0.0001	5000
7.9845	0.27	1	0.0001	5000
7.985	0.27	1	0.0001	5000
7.9855	0.27	1	0.0001	5000
7.986	0.27	1	0.0001	5000
7.9865	0.27	1	0.0001	5000
7.987	0.27	1	0.0001	5000
7.9875	0.27	1	0.0001	5000
7.988	0.27	1	0.0001	5000
7.9885	0.27	1	0.0001	5000
7.989	0.27	1	0.0001	5000
7.9895	0.27	1	0.0001	5000
7.99	0.27	1	0.0001	5000
7.9905	0.27	1	0.0001	5000
7.991	0.27	1	0.0001	5000
7.9915	0.27	1	0.0001	5000
7.992	0.27	1	0.0001	5000
7.98	0.275	1	0.0001	5000
7.9805	0.275	1	0.0001	5000
7.981	0.275	1	0.0001	5000
7.9815	0.275	1	0.0001	5000
7.982	0.275	1	0.0001	5000
7.9825	0.275	1	0.0001	5000
7.983	0.275	1	0.0001	5000
7.9835	0.275	1	0.0001	5000
7.984	0.275	1	0.0001	5000
7.9845	0.275	1	0.0001	5000
7.985	0.275	1	0.0001	5000
7.9855	0.275	1	0.0001	5000
7.986	0.275	1	0.0001	5000
7.9865	0.275	1	0.0001	5000
7.987	0.275	1	0.0001	5000
7.9875	0.275	1	0.0001	5000
7.988	0.275	1	0.0001	5000
7.9885	0.275	1	0.0001	5000
7.989	0.275	1	0.0001	5000
7.9895	0.275	1	0.0001	5000
7.99	0.275	1	0.0001	5000
7.9905	0.275	1	0.0001	5000
7.991	0.275	1	0.0001	5000
7.9915	0.275	1	0.0001	5000
7.992	0.275	1	0.0001	5000
7.98	0.28	1	0.0001	5000
7.9805	0.28	1	0.0001	5000
7.981	0.28	1	0.0001	5000
7.9815	0.28	1	0.0001	5000
7.982	0.28	1	0.0001	5000
7.9825	0.28	1	0.0001	5000
7.983	0.28	1	0.0001	5000
7.9835	0.28	1	0.0001	5000
7.984	0.28	1	0.0001	5000
7.9845	0.28	1	0.0001	5000
7.985	0.28	1	0.0001	5000
7.9855	0.28	1	0.0001	5000
7.986	0.28	1	0.0001	5000
7.9865	0.28	1	0.0001	5000
7.987	0.28	1	0.0001	5000
7.9875	0.28	1	0.0001	5000
7.988	0.28	1	0.0001	5000
7.9885	0.28	1	0.0001	5000
7.989	0.28	1	0.0001	5000
7.9895	0.28	1	0.0001	5000
7.99	0.28	1	0.0001	5000
7.9905	0.28	1	0.0001	5000
7.991	0.28	1	0.0001	5000
7.9915	0.28	1	0.0001	5000
7.992	0.28	1	0.0001	5000
7.98	0.285	1	0.0001	5000
7.9805	0.285	1	0.0001	5000
7.981	0.285	1	0.0001	5000
7.9815	0.285	1	0.0001	5000
7.982	0.285	1	0.0001	5000
7.9825	0.285	1	0.0001	5000
7.983	0.285	1	0.0001	5000
7.9835	0.285	1	0.0001	5000
7.984	0.285	1	0.0001	5000
7.9845	0.285	1	0.0001	5000
7.985	0.285	1	0.0001	5000
7.9855	0.285	1	0.0001	5000
7.986	0.285	1	0.0001	5000
7.9865	0.285	1	0.0001	5000
7.987	0.285	1	0.0001	5000
7.9875	0.285	1	0.0001	5000
7.988	0.285	1	0.0001	5000
7.9885	0.285	1	0.0001	5000
7.989	0.285	1	0.0001	5000
7.9895	0.285	1	0.0001	5000
7.99	0.285	1	0.0001	5000
7.9905	0.285	1	0.0001	5000
7.991	0.285	1	0.0001	5000
7.9915	0.285	1	0.0001	5000
7.992	0.285	1	0.0001	5000
7.98	0.29	1	0.0001	5000
7.9805	0.29	1	0.0001	5000
7.981	0.29	1	0.0001	5000
7.9815	0.29	1	0.0001	5000
7.982	0.29	1	0.0001	5000
7.9825	0.29	1	0.0001	5000
7.983	0.29	1	0.0001	5000
7.9835	0.29	1	0.0001	5000
7.984	0.29	1	0.0001	5000
7.9845	0.29	1	0.0001	5000
7.985	0.29	1	0.0001	5000
7.9855	0.29	1	0.0001	5000
7.986	0.29	1	0.0001	5000
7.9865	0.29	1	0.0001	5000
7.987	0.29	1	0.0001	5000
7.9875	0.29	1	0.0001	5000
7.988	0.29	1	0.0001	5000
7.9885	0.29	1	0.0001	5000
7.989	0.29	1	0.0001	5000
7.9895	0.29	1	0.0001	5000
7.99	0.29	1	0.0001	5000
7.9905	0.29	1	0.0001	5000
7.991	0.29	1	0.0001	5000
7.9915	0.29	1	0.0001	5000
7.992	0.29	1	0.0001	5000
7.98	0.295	1	0.0001	5000
7.9805	0.295	1	0.0001	5000
7.981	0.295	1	0.0001	5000
7.9815	0.295	1	0.0001	5000
7.982	0.295	1	0.0001	5000
7.9825	0.295	1	0.0001	5000
7.983	0.295	1	0.0001	5000
7.9835	0.295	1	0.0001	5000
7.984	0.295	1	0.0001	5000
7.9845	0.295	1	0.0001	5000
7.985	0.295	1	0.0001	5000
7.9855	0.295	1	0.0001	5000
7.986	0.295	1	0.0001	5000
7.9865	0.295	1	0.0001	5000
7.987	0.295	1	0.0001	5000
7.9875	0.295	1	0.0001	5000
7.988	0.295	1	0.0001	5000
7.9885	0.295	1	0.0001	5000
7.989	0.295	1	0.0001	5000
7.9895	0.295	1	0.0001	5000
7.99	0.295	1	0.0001	5000
7.9905	0.295	1	0.0001	5000
7.991	0.295	1	0.0001	5000
7.9915	0.295	1	0.0001	5000
7.992	0.295	1	0.0001	5000
7.98	0.3	1	0.0001	5000
7.9805	0.3	1	0.0001	5000
7.981	0.3	1	0.0001	5000
7.9815	0.3	1	0.0001	5000
7.982	0.3	1	0.0001	5000
7.9825	0.3	1	0.0001	5000
7.983	0.3	1	0.0001	5000
7.9835	0.3	1	0.0001	5000
7.984	0.3	1	0.0001	5000
7.9845	0.3	1	0.0001	5000
7.985	0.3	1	0.0001	5000
7.9855	0.3	1	0.0001	5000
7.986	0.3	1	0.0001	5000
7.9865	0.3	1	0.0001	5000
7.987	0.3	1	0.0001	5000
7.9875	0.3	1	0.0001	5000
7.988	0.3	1	0.0001	5000
7.9885	0.3	1	0.0001	5000
7.989	0.3	1	0.0001	5000
7.9895	0.3	1	0.0001	5000
7.99	0.3	1	0.0001	5000
7.9905	0.3	1	0.0001	5000
7.991	0.3	1	0.0001	5000
7.9915	0.3	1	0.0001	5000
7.992	0.3	1	0.0001	5000
